-3.617637409823016787e+04
-3.574496975062051206e+04
-3.155658449170099630e+04
-3.106514863662683638e+04
-2.764281361628906234e+04
-2.696257929950650941e+04
-2.387455705407256391e+04
-2.387455705407256391e+04
-2.335670067878697955e+04
-2.268346502255633823e+04
-1.968665591383138599e+04
-1.949548180215384491e+04
-1.883849136530012765e+04
-1.883849136530012765e+04
-1.835391075899495627e+04
-1.738982777473626265e+04
-1.513902681907242913e+04
-1.417048233157697177e+04
-1.316385989473962218e+04
-1.257946084250768035e+04
-1.257946084250768035e+04
-1.134248903224314927e+04
-1.095934658842292629e+04
-1.095934658842292629e+04
-1.007271686240264535e+04
-1.007271686240264535e+04
-8.601788051642290156e+03
-8.283390186724303931e+03
-6.882280576004121031e+03
-6.725404899674285844e+03
-5.962716255143403032e+03
-5.653782587059936304e+03
-4.898472606968413857e+03
-4.898472606968413857e+03
-4.586543798663780763e+03
-4.586543798663780763e+03
-4.235945395596874732e+03
-4.171023696290235421e+03
-3.598065685382536230e+03
-3.483727696269630997e+03
-2.843803142576073697e+03
-2.402132526300615609e+03
-2.100219407456666431e+03
-2.100219407456666431e+03
-1.762979857064853832e+03
-1.459778220393587389e+03
-1.355549239921990420e+03
-1.290490161428638885e+03
-1.005718284352105798e+03
-7.985780643562362684e+02
-5.735589900757346413e+02
-4.377921309545347981e+02
-3.125522396958990043e+02
-2.571179893765531688e+02
-2.201138379946368957e+02
-1.617367249827802880e+02
-1.293684767396136976e+02
-1.211039604663996840e+02
-8.341070161771330049e+01
-6.487089476697430257e+01
-4.627792613285573964e+01
-3.442002751179074949e+01
-2.162586033939984276e+01
-2.162586033939984276e+01
-1.489966257971685337e+01
-1.087258470085194517e+01
-7.152735219233692376e+00
-4.699562067614176719e+00
-3.244895640520236491e+00
-2.969519073874026027e+00
-1.955133532249570427e+00
-1.366870529061882333e+00
-8.281779351579448001e-01
-5.969322860631762762e-01
-3.634082440530944091e-01
-2.542066204831525122e-01
-1.560456413476047910e-01
-1.078688514994493169e-01
-6.650495737255554540e-02
-4.434957173663960084e-02
-2.908089145011303125e-02
-1.715513405515550760e-02
-1.087284521461763173e-02
-6.310267086537193690e-03
-4.098884780278573212e-03
-2.378254038977861955e-03
-1.485001638329007173e-03
-8.154708803267797859e-04
-4.759760286889311385e-04
-3.004637029650920063e-04
-1.723274495943198951e-04
-9.729749116145035152e-05
-5.433693774522080605e-05
-3.635884546802917785e-05
-2.051306530662004452e-05
-1.197125351737211163e-05
-6.221128928277876296e-06
-4.010640568514403924e-06
-2.077193239793319548e-06
-1.188667143158085863e-06
